X^2=49.935055361131006
p=1.2338951528143995e-05
dof=15\Observed

[285.07206099687306, 160.8332869173449, 73.67272523156717, 61.668524203109826, 171.69378290859862, 89.0596197425068]
[397.504361490201, 185.5069946714419, 79.46836843114828, 56.84474619810434, 229.43252070048686, 108.24300850861756]
[219.74799944617354, 146.95367267402696, 47.245141676324465, 49.257442029824624, 110.89223799977324, 88.90350617387698]
[121.674558077229, 94.67608391839745, 46.07856008439846, 46.3302174326949, 59.211476948915085, 40.029103538365064]
Expected

[290.30543474 166.69049567  69.87318443  60.69797406 161.94467193
  92.48823918]
[364.43330703 209.25398329  87.71491204  76.19686292 203.29633994
 116.10459479]
[228.5896713  131.25391761  55.01890888  47.79424798 127.51700414
  72.82625009]
[140.67056695  80.77164161  33.85779008  29.41184491  78.47200255
  44.8161539 ]