X^2=[ 1.23628464 15.27868426  9.07972843 24.34035803]
p=[9.41349344e-01 9.23562816e-03 1.05926005e-01 1.86735340e-04]
Observed

[285.07206099687306, 160.8332869173449, 73.67272523156717, 61.668524203109826, 171.69378290859862, 89.0596197425068]
[397.504361490201, 185.5069946714419, 79.46836843114828, 56.84474619810434, 229.43252070048686, 108.24300850861756]
[219.74799944617354, 146.95367267402696, 47.245141676324465, 49.257442029824624, 110.89223799977324, 88.90350617387698]
[121.674558077229, 94.67608391839745, 46.07856008439846, 46.3302174326949, 59.211476948915085, 40.029103538365064]
Expected

[290.3054347369771, 166.6904956729226, 69.87318442644285, 60.6979740556444, 161.9446719278269, 92.48823918018677]
[364.43330702729764, 209.2539832853671, 87.71491204127085, 76.19686291783384, 203.29633993790137, 116.10459479032941]
[228.58967129526795, 131.25391761418953, 55.018908877353404, 47.79424797968195, 127.51700414269494, 72.82625009081207]
[140.6705669509342, 80.77164160873205, 33.85779007837134, 29.411844910573517, 78.47200254935076, 44.81615390203822]