X^2=17.2155019810481
p=0.3061457855083729
dof=15\Observed

[538.878966948364, 51.63694567264842, 28.19406324474009, 11.235951809280404, 342.75433701569386, 9.299735309273544]
[466.01003285682486, 57.32163184055078, 29.430340493206756, 11.558669170931717, 356.2920107829153, 14.387314855570722]
[297.14105440028214, 45.50975689498619, 19.554798206028526, 11.928699576518463, 208.3654602168491, 5.500230705335747]
[225.33961306921967, 35.2650987699603, 20.755174366397277, 7.548695310173375, 176.0359381594894, 4.055480324759986]
Expected

[504.32986324  62.64903543  32.33744369  13.95800927 357.74905405
  10.97659432]
[480.19187589  59.65055818  30.7897249   13.28995791 340.62664515
  10.45123797]
[301.9816289   37.51286439  19.36294999   8.35774893 214.21226454
   6.57254324]
[240.86629924  29.92097517  15.44425773   6.66629974 170.85978243
   5.24238568]