X^2=[6.24882396 2.99815077 3.64451424 4.32401302]
p=[0.28275468 0.70027095 0.60164231 0.50376923]
Observed

[538.878966948364, 51.63694567264842, 28.19406324474009, 11.235951809280404, 342.75433701569386, 9.299735309273544]
[466.01003285682486, 57.32163184055078, 29.430340493206756, 11.558669170931717, 356.2920107829153, 14.387314855570722]
[297.14105440028214, 45.50975689498619, 19.554798206028526, 11.928699576518463, 208.3654602168491, 5.500230705335747]
[225.33961306921967, 35.2650987699603, 20.755174366397277, 7.548695310173375, 176.0359381594894, 4.055480324759986]
Expected

[504.3298632359603, 62.649035434075, 32.33744369091658, 13.95800927414246, 357.74905404969684, 10.976594315208832]
[480.19187589167296, 59.650558178065296, 30.789724899192464, 13.289957913771078, 340.6266451491512, 10.451237968146902]
[301.9816289029987, 37.51286439433412, 19.3629499900804, 8.35774893400791, 214.21226454299568, 6.572543235583294]
[240.86629924405838, 29.920975171671248, 15.44425773018317, 6.666299744982497, 170.85978243310365, 5.242385676000959]