X^2=[ 58.16971445 100.687302    35.1786937   83.31166052  14.79823435
  59.85762173]
p=[1.44603192e-12 1.10588099e-21 1.11681461e-07 5.97747622e-18
 1.99744711e-03 6.30469661e-13]
[1115.1022170980532, 183.20539274502923, 108.93917682832205, 77.09206342909523, 753.8863255101204, 87.77482438938]
[2921.194018513386, 278.2255676334751, 168.3162404502614, 84.0107553396299, 1580.3744479872735, 116.87897007597941]
[501.3569057652587, 131.51981396119365, 55.864564801674724, 59.57773808048291, 284.1493956939032, 71.53158169748646]
[261.25152238751303, 94.23652371218157, 51.81999049038522, 42.33000471750472, 173.19467904224095, 36.16727965017439]
[1208.2974938206914, 173.02421035599383, 96.92253476935656, 66.22240378915062, 702.8872999557486, 78.64605730905873]
[2674.7737728644665, 383.01877004428775, 214.5546567185802, 146.59465052035125, 1555.961611123024, 174.09653872929664]
[573.4997563104228, 82.12327095142611, 46.00278520437215, 31.43144186724947, 333.61460840547994, 37.32813726104937]
[342.33364076863097, 49.02104670017193, 27.459995878334464, 18.762065389961418, 199.14132874928558, 22.28192251361552]