X^2=[46.07042083 73.75298567 25.69939271 51.19565864 43.72240359  9.51280663]
p=[5.47928358e-10 6.70418016e-16 1.10244500e-05 4.44434746e-11
 1.72864356e-09 2.31955090e-02]
Des [3935.581773993194, 109.54279496484698, 114.5766790672865, 32.35976124570954, 2091.456114053461, 23.482876675503146]
Pred [11023.014805116029, 197.28356742220356, 206.93013687006123, 44.167002996220745, 4616.8295982326235, 40.77488936284709]
ED [1765.9407917857886, 80.94421965444896, 45.29721377119952, 25.140067620239442, 809.2598866998093, 10.417820468513744]
HF [698.0783793029858, 44.038670198531726, 36.337750123973024, 17.80457554105361, 443.7280016515531, 9.012623181902843]

Design [4158.823614279723, 103.07398962523199, 96.23098953159136, 28.51813513330294, 1900.3766784959664, 19.976592934185632]
Pred [10635.431437247118, 263.5928933986625, 246.09317110433415, 72.92991938561005, 4859.86609282724, 51.086486037019135]
ED [1804.7725118572375, 44.7302219128365, 41.760618098615105, 12.375794491810705, 824.6917661397586, 8.66908749974093]
HF [823.5881868139169, 20.41214730330026, 19.057001097979644, 5.647558392499662, 376.3390631744826, 3.9560432178211276]
