X^2=[1419.62279959 1216.66508712 1712.59786332  774.54592802]
p=[7.70586820e-305 7.21404704e-261 0.00000000e+000 3.71158445e-165]
Observed

[285.07206099687306, 160.8332869173449, 73.67272523156717, 61.668524203109826, 171.69378290859862, 89.0596197425068]
[397.504361490201, 185.5069946714419, 79.46836843114828, 56.84474619810434, 229.43252070048686, 108.24300850861756]
[219.74799944617354, 146.95367267402696, 47.245141676324465, 49.257442029824624, 110.89223799977324, 88.90350617387698]
[121.674558077229, 94.67608391839745, 46.07856008439846, 46.3302174326949, 59.211476948915085, 40.029103538365064]
Expected

[538.878966948364, 51.63694567264842, 28.19406324474009, 11.235951809280404, 342.75433701569386, 9.299735309273544]
[466.01003285682486, 57.32163184055078, 29.430340493206756, 11.558669170931717, 356.2920107829153, 14.387314855570722]
[297.14105440028214, 45.50975689498619, 19.554798206028526, 11.928699576518463, 208.3654602168491, 5.500230705335747]
[225.33961306921967, 35.2650987699603, 20.755174366397277, 7.548695310173375, 176.0359381594894, 4.055480324759986]