X^2=[4414.02469059  262.49124585  227.18109442   79.29504322 2566.48571711
   56.43226327]
p=[0.00000000e+00 1.29984875e-56 5.62700768e-49 4.34750546e-17
 0.00000000e+00 3.39699206e-12]
[58.40541392036885, 73.79499020444493, 27.640161148905854, 37.138840626583175, 31.140199821513328, 50.8803942781839]
[93.05062157553908, 108.71200567617225, 37.38378359471231, 41.33165833942956, 53.130766588918775, 73.39116422522802]
[30.19977284927662, 54.4876968649517, 10.062805081859938, 17.583711323995104, 17.040787442583962, 36.625226437332685]
[15.144218189720046, 26.454442325064388, 14.341548361673413, 24.742461708120818, 13.848710528601831, 19.468618886819506]
[1115.1022170980532, 183.20539274502923, 108.93917682832205, 77.09206342909523, 753.8863255101204, 87.77482438938]
[2921.194018513386, 278.2255676334751, 168.3162404502614, 84.0107553396299, 1580.3744479872735, 116.87897007597941]
[501.3569057652587, 131.51981396119365, 55.864564801674724, 59.57773808048291, 284.1493956939032, 71.53158169748646]
[261.25152238751303, 94.23652371218157, 51.81999049038522, 42.33000471750472, 173.19467904224095, 36.16727965017439]